m.z r.t. p t.score
100.0757 0.821 0.432 -0.8226988645198011
100.0757 0.957 0.118 -1.7276718847900137
104.0706 5.078 0.959 0.0534617668472206
104.0706 5.342 8.55e-4 -4.893551533842914
104.0818 4.801 0.017 -2.919662572330646
104.107 2.695 0.554 0.6145499308167017
106.0861 3.797 0.402 -0.8800308260310916
106.0862 3.75 0.368 -0.9472541438266525
110.0601 2.847 0.116 -1.7394364990096445
114.055 5.645 0.534 -0.6463745998851913
115.0866 4.961 0.0166 -2.936460041154043
116.1071 0.643 0.246 -1.2406640267359104
116.1072 2.001 0.117 -1.7335737224685226
116.1073 1.209 0.0957 -1.860700286576377
116.1153 1.178 0.389 -0.9043335166142057
116.1171 1.124 0.829 0.2222704296297009
118.0612 6.417 0.926 -0.0956253317258702
118.0867 4.678 0.413 0.858312819030913
120.0658 1.662 0.126 1.6885493698204188
121.0283 3.861 0.871 0.16709278116881923
121.0647 3.848 0.00254 -4.13514962251119
122.0634 4.935 0.0677 -2.0757687802537306
123.0553 5 0.0106 -3.2141818582163686
124.0759 2.019 0.035 -2.4804068992720474
126.022 6.25 0.817 0.2387722904250507
126.1027 5.435 0.109 -1.7760623281778474
127.0502 5.493 0.188 -1.4231711841234045
128.0819 2.693 0.00844 -3.356189496161227
129.0654 5.675 0.563 0.6011974204146929
129.066 6.198 0.382 0.91903105502595706
130.0499 4.245 0.0408 -2.3869130092108892
130.0863 7.575 0.255 -1.21632824498515
131.118 4.745 0.0821 -1.9561602969980425
132.0771 6.113 0.0271 -2.6363775241852854
134.06 3.798 0.128 -1.6771660755678013
134.0964 3.15 0.335 1.0195322119501111
134.1175 3.699 0.815 -0.24150891982418596
137.0458 2.887 0.463 -0.767272068437583
137.0458 2.938 0.355 -0.9759308839664838
137.071 3.764 0.0468 -2.3022418037315826
137.071 3.801 0.163 -1.5189836460425197
138.0541 2.867 0.267 1.1834180320416052
138.0549 3.649 0.252 1.2240762240886205
138.0556 4.837 0.0382 2.426418955229915
138.055 4.139 0.451 0.7886655106132597
138.0624 4.733 0.162 1.5236098178045145
138.0661 1.098 0.81 0.24712983204253336
138.1025 5.435 0.457 -0.7767639204554017
139.0607 1.079 0.971 0.037453762415686674
139.061 1.079 0.503 0.6973309335336596
141.0658 4.643 0.665 0.44697158174259344
141.0661 5.379 0.00427 -3.7912386694793185
141.066 5.082 0.141 -1.615603005458374
141.067 0.564 0.832 0.21853983264576737
142.0863 0.641 0.075 -2.0128471391640144
142.0973 1.094 0.437 -0.8139330925324575
142.1225 3.003 0.802 -0.25836647438991256
143.0815 5.028 0.67 -0.44087305769846596
143.0816 5.378 0.00608 -3.5643363748043835
143.0816 5.617 0.654 -0.4632826361304057
144.1021 3.801 0.0841 1.941385846180202
144.1028 4.464 0.205 1.3662759064746814
144.102 5.362 0.00727 -3.450185598069582
145.133 4.296 0.404 -0.87585886824044
145.1699 7.412 0.735 0.3495368088425364
146.0625 0.515 0.361 0.9632472279473299
146.0812 0.629 0.172 1.483713429819845
146.0812 5.106 0.508 -0.6886032038231245
146.0812 5.63 0.713 0.37939788103571126
146.0813 1.149 0.198 1.3893341745624275
146.0919 1.119 0.387 0.9096521853174063
146.0921 5.109 0.308 -1.08167302744736
146.0925 2.629 0.00797 -3.3921136923808644
146.1176 5.027 0.00443 -3.767328079929929
146.1176 5.061 0.00426 -3.7931966963499595
147.0474 4.904 0.0051 -3.67709113506267
147.0765 6.582 0.54 -0.636180959476262
147.1129 8.251 0.313 -1.0691715180355468
148.0968 5.031 0.127 1.6837597978472385
148.0968 5.08 0.384 0.914968518297302
148.1118 0.543 0.478 0.7411166383800296
148.1137 1.924 0.42 0.8458788765571796
148.1227 1.073 0.309 1.0784543214704552
149.0597 5.975 0.678 0.4284203867929099
149.1073 1.011 0.202 -1.3756308983242547
150.0583 1.33 0.331 -1.0281550777035775
150.0585 0.581 0.858 -0.1838729693282549
150.0694 1.101 0.643 0.47911556567364516
151.0615 0.588 0.0591 -2.1600362431309645
151.0615 1.336 0.0951 -1.8647916211297138
151.123 0.863 0.0341 -2.4958146273706108
151.145 3.083 0.703 0.39371894108214117
152.0704 5.985 0.306 1.085636195938259
152.0705 3.686 0.65 0.4688579408687902
152.0707 5.511 0.38 0.9231016791126754
152.0805 5.528 0.221 1.3165420384402797
153.0767 1.112 0.435 0.8174494444877526
153.1273 3.887 0.215 1.3330945067053919
153.1276 0.538 0.0558 2.1947304714016562
154.0587 5.989 0.0693 -2.0612353097643807
156.0772 7.669 0.173 -1.4808064146408204
156.0846 7.666 0.839 0.2096157541420363
156.1019 0.817 0.618 0.5170780161464865
157.0608 6.057 0.131 1.6603156906566738
157.0971 5.014 0.526 -0.6604301841282233
158.1176 4.212 0.0341 -2.4966194569966436
159.0764 6.269 0.172 -1.483285647383284
159.1128 4.592 0.0494 -2.2701368209059307
159.1492 0.568 0.635 0.49124443396777073
159.1496 7.852 0.85 0.194565269679393
159.149 3.721 0.408 -0.8679632876318201
159.1571 7.853 0.21 1.349457197535817
160.0972 5.086 0.239 1.2604878286548198
160.1051 5.081 0.657 0.45889629997255943
160.108 1.102 0.309 1.0792041303072624
160.108 4.58 0.884 -0.1496716660664879
161.1285 7.824 0.588 0.561382591000083
161.1285 8.241 0.791 -0.27345145133207144
161.1285 8.436 0.621 -0.5124202572459012
162.1128 5.221 0.0231 -2.732221762943787
162.1129 5.651 0.0179 -2.8880841611838077
162.1205 5.226 0.207 -1.3587258798044313
163.1229 8.006 0.168 1.5005642993177386
163.123 2.224 0.363 0.9572888928899274
163.123 2.886 0.116 1.7385504825787945
165.1386 0.836 0.0267 -2.6447057540159626
166.0724 3.376 0.0575 -2.1770401963275576
166.0724 3.417 0.0585 -2.1662718471946305
166.0861 4.404 0.0144 -3.021759746734768
166.0862 4.968 0.0598 -2.152116759115567
166.1227 0.961 0.466 -0.7616682359707553
166.1302 1.899 0.761 -0.3139552654574537
166.1333 1.023 0.709 0.3851615026840133
167.0563 1.285 0.214 -1.3379379527972945
167.0564 0.555 0.122 -1.7076052083101092
167.0727 0.556 0.00382 3.8649462549143108
168.1385 1.92 0.22 1.3166559636294781
169.0495 0.477 0.125 -1.692962073002405
169.0608 5.613 0.0223 -2.75357627891481
170.0601 2.773 0.806 0.25248244550783466
170.0923 3.67 0.0394 -2.407747474581775
170.0932 6.855 0.0283 -2.608883793314836
170.0932 7.795 0.015 -2.997842871659495
170.1004 7.738 0.989 0.014139083070793182
170.1005 6.913 0.284 1.1403441757625796
170.1005 7.836 0.503 0.6968527504693868
170.122 7.798 0.0765 -2.0005309512371836
171.0765 5.52 6.71e-4 -5.071413173521855
171.0765 5.569 0.00124 -4.629970889029246
172.0968 0.853 0.757 -0.3192527431544159
172.1096 2.858 0.703 -0.39339089040405334
173.092 5.448 0.0854 -1.9318915257794884
173.092 6.33 0.635 -0.4907339349985703
174.0921 0.831 0.737 -0.3468021167024217
174.1125 0.823 0.551 0.6198112120920168
174.1237 3.273 0.212 1.3420854761498542
175.0713 5.433 0.00194 -4.317463325023814
175.0713 6.64 0.608 -0.5308391731942165
175.119 8.106 0.94 -0.07690063240841037
175.1444 7.562 0.632 0.4959266208663958
175.1523 7.555 0.994 0.007221975553399192
176.0108 4.197 0.927 -0.09473219245862677
176.0108 4.794 0.415 0.8542191643048904
176.0666 7.162 0.765 -0.3082322665759826
176.0708 1.349 0.0454 -2.3210335627991325
176.103 6.238 0.473 -0.749285708883982
176.1075 0.501 0.25 -1.2303344097217728
179.1178 3.527 0.173 1.479625946737831
180.0656 0.532 0.12 1.7184318210879994
180.088 0.589 0.311 -1.0730705334352186
181.0609 1.423 0.116 -1.7402816084619654
181.0617 1.482 0.225 -1.301681813961171
181.0624 1.495 0.393 -0.8971994107539198
181.0671 1.616 0.349 0.9869159529023132
181.0714 0.523 0.325 -1.0416896713812014
181.0838 0.54 0.248 -1.2344352745410625
182.0577 5.354 0.354 -0.9768576995572393
182.0577 5.415 0.85 0.19481014818532438
182.0579 4.331 0.3 1.098582121458315
182.0808 5.647 0.096 1.8589023953322363
182.0811 5.07 0.0263 2.653599443200441
182.081 1.497 0.0225 2.749538409317514
182.081 5.498 0.277 -1.158308771585625
182.0917 0.888 0.568 0.5932331724754998
182.1285 0.539 0.387 0.9086951772654929
182.1403 1.095 0.467 0.7601426083224251
184.0621 3.682 0.0415 -2.3767182635939395
184.108 7.646 0.11 -1.7715185274933583
185.1648 5.491 0.761 -0.31349367084471963
186.1125 0.809 0.372 0.9399364649036449
188.0705 0.471 0.00115 4.680902019169528
188.1029 5.618 0.446 -0.7977421628844906
188.1155 8.031 0.205 -1.3669514989230422
188.1281 0.812 0.178 -1.4628306120285568
188.176 8.261 0.0833 -1.947811636401663
188.184 8.262 0.121 -1.7125265784460275
189.0423 4.98 0.388 -0.9072898445064208
189.087 5.641 0.231 -1.2843760883804114
189.1232 6.685 0.21 -1.3489408005594923
189.1234 6.353 0.0959 -1.8596257769869395
189.1345 7.821 0.294 -1.1148780639968212
189.1346 3.204 0.111 -1.7663578708029848
189.1607 7.584 0.143 -1.605874507184846
189.168 7.64 0.694 -0.406844484717409
190.1186 6.676 0.116 -1.740681023450075
191.0662 7.745 0.615 -0.5214290335531424
191.139 7.741 0.568 0.5929888269290045
192.0743 6.855 0.0169 -2.92415733489877
193.0836 4.971 0.575 -0.5820544915243782
193.1319 7.203 0.198 -1.389967986846977
193.1547 4.681 0.435 0.817215950939733
193.155 3.944 0.906 -0.12087106946065301
195.0875 0.506 0.054 -2.214499037634304
196.0603 7.154 0.839 0.20958636368718167
198.0529 5.13 0.232 1.2813789997116738
198.0873 5.991 0.95 -0.06459152258333317
198.1236 6.476 0.554 -0.6139335619709914
199.0825 3.657 0.184 -1.4401179816350766
199.0826 0.565 0.222 -1.3123254627524912
199.096 3.252 0.0952 1.8641861638325428
199.1075 0.555 0.0313 -2.548196695581122
200.107 1.003 0.0135 -3.0611324664424067
202.1072 3.8 0.574 -0.5827230330740342
202.1185 4.047 0.0676 -2.077232214238965
202.1187 4.623 0.0184 -2.8715491267376527
202.1438 0.819 0.106 -1.7969598080269729
203.0527 5.677 0.885 -0.1490249282706409
203.1391 5.524 0.408 -0.8670957249102724
203.1391 5.557 0.259 -1.205174803389079
203.1393 5.108 0.0428 -2.3577295997733354
203.139 5.989 0.7 0.39849210436606747
203.139 7.531 0.576 -0.5800111598935479
203.1478 5.105 0.0134 -3.0665250532236135
203.1485 5.527 0.717 0.3744736754199764
203.1513 6.974 0.101 -1.8292981889326667
204.0866 0.88 0.588 0.5623480832842317
204.0866 8.005 0.24 -1.2578509525203398
204.1231 0.528 0.0932 -1.877335589580155
204.123 1.344 0.0232 -2.7302456152258108
204.1333 0.552 0.155 -1.5502861697605925
204.1343 4.98 0.0102 -3.2386122666357284
204.1347 1.095 0.215 -1.33493029462052
204.1421 5.101 0.0519 -2.2394360800182067
205.0684 5.668 0.0159 -2.9642225905404938
205.0822 7.274 0.687 -0.41565553225273083
205.0972 4.752 0.0435 -2.346922251656251
205.1184 8.039 0.261 -1.1984777245735008
205.1261 3.722 0.00234 -4.189219423340138
205.155 7.708 0.254 -1.2176920537262474
205.1634 7.711 0.63 -0.49845564179783025
206.0819 0.514 0.0505 2.255779997267486
207.1049 0.834 0.0939 -1.8727573938773165
208.0429 5.441 0.348 -0.9905487938260081
208.0968 0.848 0.0046 3.74382581093087
208.1807 5.435 0.975 0.03280765424654285
208.1 7.499 0.133 -1.6527897534623839
209.0968 8.083 0.212 -1.3444329593345383
209.1172 0.959 0.113 -1.7558508521694434
209.1284 7.334 0.659 -0.4563949753785152
211.1077 7.422 0.0604 -2.1464300338038678
212.0916 3.99 0.82 0.23417916205332145
212.1032 5.558 0.154 -1.5573091549832025
213.0984 6.64 0.0321 -2.533191285332022
213.1237 2.92 0.474 0.7480420615556762
214.1185 6.612 0.163 -1.5209972307171127
215.0163 5.665 0.35 0.9867465407938926
215.1391 5.03 0.0118 -3.1450330650335583
215.139 5.001 0.012 -3.1344381748934027
217.1384 6.201 0.194 -1.4050757977506534
217.13 6.202 0.306 -1.086047410190785
217.1546 5.792 0.943 -0.07356223514943257
217.1547 7.121 0.106 -1.798602533405644
217.1548 5.348 0.00353 -3.9161298260561743
217.1647 5.35 0.00232 -4.195395416108442
217.1656 3.908 0.377 0.9284004939361857
218.1387 0.519 0.072 -2.0382249535388373
218.1387 2.855 0.0169 -2.9251194085142904
218.1498 8.373 0.19 -1.4180879449766206
218.1862 3.124 0.585 -0.5656881215144676
219.0266 5.653 0.111 1.7680161368991498
219.0611 7.946 0.0179 -2.8885181958598065
219.0611 8.095 0.0672 -2.080615015474431
219.1338 7.942 0.436 -0.815033643769234
220.0637 4.274 0.0368 -2.4493665775106526
220.1182 0.536 0.0157 2.9697183924227564
221.0422 5.654 0.0282 -2.6121275233749666
221.0769 7.97 0.701 0.39642130759506355
221.1607 4.761 0.00449 -3.758999294147961
222.1125 0.819 0.477 0.7423873761890925
222.149 1.068 0.0611 2.1388970713202893
223.1665 5.438 0.964 0.04636131853005847
224.139 7.26 0.673 -0.43607852497156196
224.139 7.455 0.296 -1.109328322482527
225.112 0.839 0.124 -1.6967657157472917
225.1236 7.192 0.302 1.0947175192304148
226.082 3.788 0.00708 -3.467433355720281
226.9517 5.826 0.636 0.4896484133751379
227.1138 8.055 0.142 -1.6081854418337491
227.1262 3.586 0.0199 -2.8236525649172317
227.1263 3.423 0.0183 -2.8765174290061912
227.1277 0.83 0.279 -1.1511709922576254
228.0868 4.611 0.252 -1.2253464972352994
229.0852 3.063 0.753 0.3248520787497177
229.0864 0.532 0.113 1.7547660229738649
229.086 4.099 0.103 -1.8164589086913472
229.1293 6.895 0.899 0.130183682683485
229.1547 3.637 0.0152 -2.9916514589864214
229.1548 0.532 0.328 1.0347022251965885
229.1548 5.62 0.0214 -2.7806257618972223
229.1553 4.5 0.0654 -2.0978023590441843
229.155 5.116 0.353 -0.9802826358519139
229.155 5.197 0.437 -0.8129873003934175
229.1634 4.529 0.484 0.729934412353863
229.1663 1.078 0.32 1.0523524792283383
230.1217 6.531 0.98 -0.025877224931033404
230.1247 5.055 0.00519 -3.66500844068162
230.1863 4.368 0.0842 -1.9407118771172762
230.9901 5.64 0.184 1.4372592891903
231.0378 5.108 0.0678 -2.0746648771198055
231.1451 5.95 0.0412 -2.3809753139411867
231.1702 5.351 0.0196 -2.8333302754781142
232.1179 0.789 0.961 -0.050628245265664396
232.1291 5.085 0.705 -0.39063612592881747
232.1403 9.087 0.302 -1.094891203519961
232.1544 0.515 0.575 0.5812452111397111
232.1661 1.064 0.644 0.4774741571507419
233.0632 5.675 0.393 0.8980081597279311
233.1495 8.034 0.174 -1.4780783855598048
234.1136 0.825 2.88e-5 7.738548585087084
236.1281 0.823 0.647 -0.473594526334767
238.1083 1.113 0.313 -1.0695071722005096
238.1548 5.5 0.886 0.14785846587820428
238.1548 7.049 0.937 0.08171585738231206
238.1549 6.221 0.593 -0.5540414616274829
239.0726 0.758 0.819 -0.23624423740439504
239.1389 6.704 0.00868 -3.3385927944082905
239.1389 6.713 0.0135 -3.062724362390119
239.1389 7.307 0.274 1.1656766621535046
239.139 0.892 0.519 0.6713955703367079
241.0311 8.284 0.148 -1.5813529524433554
241.0948 5.126 0.0194 -2.840521176289813
241.1294 5.434 9.36e-4 -4.828549321751606
241.1295 4.812 0.472 -0.7512664894029363
241.1295 7.948 0.0982 -1.8443582327199373
241.1296 7.647 0.288 -1.129801676520963
241.1398 7.647 0.256 -1.2121052406590134
241.1547 4.545 0.0663 -2.0887361141197283
242.077 7.275 0.117 -1.7332233055116635
242.1389 0.944 0.694 -0.4065271778759061
242.1402 1.026 0.0165 -2.9408766088362865
242.161 7.083 0.924 0.09755267718031918
243.1339 2.784 0.129 -1.671163750117354
243.1341 3.697 0.751 0.3266327211090388
243.134 0.517 0.314 -1.0674846864065808
243.145 6.522 0.776 -0.2932579682709532
244.1291 6.675 0.341 -1.0053089996972207
244.1542 0.514 0.723 0.36549960074071824
244.1543 0.514 0.723 0.36549960074071824
244.1655 7.349 0.00781 -3.4047358413763744
244.1711 3.76 0.471 -0.7516770276270264
244.1782 1.066 0.109 1.7761022095051797
245.0744 5.671 0.0772 -1.9946334118348665
245.0768 4.431 0.0101 -3.2428937868714716
245.1494 5.617 0.251 -1.2282428047338925
245.1502 0.513 0.101 -1.8263132223978906
245.1607 5.031 0.108 -1.7835158134999967
246.1701 0.513 0.18 -1.453009191303373
246.1703 1.784 0.0219 -2.765566205581046
246.1812 7.713 0.416 -0.8520431455085514
246.1817 1.057 0.442 -0.8042144699735049
247.0923 5.625 0.0809 -1.9657052139954638
247.0924 6.031 0.816 -0.23905415247378012
247.1288 5.996 0.773 -0.29722548041621316
247.1289 6.343 0.0343 -2.49137572847727
247.1398 7.906 0.0291 2.5920721572734817
247.1439 3.672 0.0528 -2.228295264513007
247.1759 4.792 0.512 0.6823341401137226
248.0219 3.653 0.283 1.142722497585809
248.0876 8.065 0.344 0.9988883212167858
248.0918 1.204 0.6 0.5432672153890639
248.1128 6.388 0.943 0.07342765391252862
248.1129 6.726 0.646 -0.4754171443294165
248.113 6.597 0.0423 -2.364899742362847
248.1491 4.879 0.00189 -4.333868772832492
249.0371 5.647 0.0812 1.9631590795626253
249.0715 8.062 0.278 1.1545262154459721
249.1815 3.858 0.12 1.7153275720966359
251.1134 3.627 0.318 1.0573474792973494
251.1279 0.811 0.337 -1.0133228422093867
252.1343 7.787 0.0701 -2.0549534550277193
254.1021 1.343 0.851 -0.19314570913452506
254.1022 1.426 0.459 0.7742365805559508
254.1399 0.822 0.769 -0.30292959057773905
254.1498 4.993 0.0149 -3.0036667004871433
254.161 4.479 0.0598 -2.152052025958543
255.0466 7.917 0.17 -1.4906995684037796
255.0974 5.375 0.00244 -4.161984115416994
255.11 5.346 0.0116 -3.159110730870315
255.1338 4.731 0.0391 2.411729679060956
255.1338 6.529 0.853 -0.190879507721786
255.1338 6.666 0.514 -0.6796596321409991
255.1338 7.244 0.696 0.40297742738427694
255.145 7.703 0.0133 -3.07447210723659
255.145 7.9 0.179 -1.4562850771538363
256.0926 7.215 0.0998 -1.8346289827571753
256.0927 6.58 0.437 -0.8135863803054678
256.1125 1.174 0.303 1.0915025556246087
256.1676 0.503 0.266 1.1862185142287565
257.1498 0.514 0.314 -1.066330006355423
257.1614 1.054 0.572 0.5858816416349758
258.1084 4.933 0.123 -1.7031658182744207
258.1091 1.209 0.468 0.7574828941432902
258.1102 6.605 0.00654 -3.5171725679003663
258.1176 1.152 0.723 -0.36640391189900645
258.1263 1.308 0.897 0.13295688689168866
258.1831 1.076 0.21 1.3514829506515642
259.0923 5.647 0.914 0.11160198113705098
259.0924 6.027 0.11 1.771068989919644
259.0977 3.914 0.246 -1.2405520429085257
259.1399 7.449 0.186 1.432776720435271
260.0553 4.577 0.49 -0.7204668780385668
260.1491 3.321 0.0561 -2.191437276762757
260.1492 0.522 0.901 -0.12754976586516226
260.1646 3.678 0.629 -0.5000932040106368
260.1714 7.614 0.929 0.09108658333550818
260.1969 7.609 0.122 -1.7078368818563712
261.0484 5.649 0.0948 -1.8669832332701715
261.0978 4.033 0.631 -0.4972487737714065
261.1081 6.704 0.163 -1.5201666455532388
261.1237 0.961 0.267 -1.1825098785708115
261.1444 6.658 0.164 -1.5152278764117615
261.1467 0.515 0.777 -0.2922900881308483
261.1807 3.948 0.228 1.292546859302913
261.1807 4.595 0.146 1.5915704016485177
261.1808 4.525 0.079 1.9807020714836752
262.0379 7.079 0.0218 -2.7675711647096897
262.0837 4.292 0.19 -1.4165289090271893
262.1032 7.903 0.0736 -2.0240206734837467
262.1032 7.992 0.104 -1.805536988360474
262.1284 5.3 0.00622 -3.5500400718469916
262.1284 5.669 0.358 0.9684166668173128
262.1284 5.688 0.834 -0.21555789816369925
262.1285 6.335 0.0529 -2.2274155166035023
262.1396 7.95 0.205 1.3673255682894567
262.1396 8.205 0.576 -0.580256177840238
262.1644 0.838 0.0849 -1.9354076582901882
262.1646 0.527 0.909 -0.11706611254331228
262.1648 4.112 0.026 -2.6610914408121547
263.0519 0.516 0.172 -1.4821086026650498
263.16 8.312 0.172 -1.4856263209937768
264.1191 6.316 0.0684 -2.069882901273389
265.0679 5.615 0.627 0.5034765580107988
265.1117 4.669 0.548 0.6244135624142828
265.1186 1.302 0.493 0.7152458546294913
265.1191 0.536 0.646 0.47478993208035936
265.119 3.255 0.103 -1.814587503869534
265.1304 1.09 0.353 0.9793795144898614
265.1304 1.117 0.366 0.9510383732298187
265.1524 0.556 0.469 0.7560929203271194
265.1546 0.538 0.431 0.8244673663374393
265.1623 0.765 0.605 0.5360397305511588
266.1595 6.173 0.662 0.4519589699525759
267.1102 4.521 0.0827 -1.9519303494305849
267.1104 4.411 0.0886 -1.909366760863965
267.1106 5.18 0.655 -0.46167858088627955
267.1246 0.529 0.66 0.4541190795653835
267.1331 0.956 0.832 0.21834492323592294
267.1446 1.058 0.581 0.572104983201679
269.1243 5.618 0.923 -0.09991617805483075
269.1245 6.119 0.694 0.40654961560322633
269.1382 0.482 0.0937 -1.8738462976325185
269.1488 0.515 0.161 -1.526267765078686
270.0849 5.113 0.235 -1.2728709320477523
270.181 6.589 0.891 0.14140114134092996
270.1866 0.504 0.759 0.3168159718989394
271.0749 5.387 0.548 0.6247263812635532
271.1036 7.939 0.121 1.7129223808343244
271.1654 0.513 3.69e-4 -5.522123814803008
272.0764 5.633 0.207 -1.3598586329752966
272.1239 7.242 0.944 0.07255501177811029
272.1351 8.064 0.573 0.5853646574214055
272.1603 7.087 0.101 -1.8280405913717517
272.1669 0.804 0.717 0.37405844092144835
272.1848 0.513 0.77 0.30121847936735213
272.2102 1.101 0.814 0.24245389726942415
272.2 0.839 0.158 1.5414788858469146
273.108 6.263 0.494 -0.7121410436235145
273.1211 4.643 0.242 1.253628633888297
274.092 6.927 0.301 -1.0973445301116138
274.1032 7.233 0.609 0.5296361561305546
274.1827 0.517 0.16 -1.531609047825681
274.2014 1.11 0.114 -1.7502647513522906
274.2017 0.511 0.874 0.16326167990603607
274.204 0.853 0.326 1.0384332164977927
274.213 1.103 0.882 -0.15333217296194174
275.1025 4.835 0.0192 2.8455064240836063
275.1027 3.588 0.354 0.9770868302101362
275.1964 4.494 0.735 0.34858005926542873
276.1362 0.536 0.0984 1.8434077345093878
276.1365 3.423 0.282 1.1433538554830112
276.1442 5.613 0.0518 -2.240572353612172
276.1443 0.534 0.391 0.9004314362316659
276.144 5.168 0.383 -0.917809123422493
276.1453 1.041 0.801 -0.2589773010616303
276.145 0.594 0.406 -0.8720915978466488
277.0892 5.723 0.88 0.15590063083895936
277.1189 5.653 0.859 -0.18238849454953102
277.1868 4.613 0.901 -0.1277463333369974
278.1233 7.262 0.71 -0.3843552671594191
279.0855 5.437 0.222 -1.3128919189717494
279.1103 5.146 0.248 -1.2347037080325276
279.1188 7.964 0.834 0.21601830952844056
279.1553 8.49 0.0132 -3.0780108252796343
279.6859 6.11 0.164 -1.5160202647101442
280.1183 0.99 0.00114 4.688527186456246
280.1651 3.874 0.221 1.3160058429030375
281.1493 4.837 0.102 1.8194453471285983
281.1494 0.927 0.922 -0.10069648666335294
281.1496 3.679 0.212 1.3434267272239298
281.1705 8.579 0.307 -1.0824171117090793
282.12 4.907 0.113 -1.75467333599199
282.1923 4.853 0.162 -1.5234471949669093
283.1286 0.516 0.418 -0.8492367445958839
283.1399 5.642 0.675 -0.4334535330421212
283.1399 7.299 0.0886 -1.908867347756799
284.0796 7.959 0.00634 3.5376352379845657
284.1853 1.366 9.06e-4 -4.851954895687625
284.1854 1.331 9.64e-4 -4.8070948347584315
285.1557 7.39 0.0201 -2.8183184314996312
285.1808 1.647 0.815 0.24150071285355051
285.1823 0.513 0.976 -0.030742934831746543
286.1283 4.119 0.0513 -2.2468823048367232
286.146 3.481 0.0215 -2.775827987496793
286.1784 0.829 0.945 0.07085688874789153
286.2017 0.511 0.00295 -4.035445572224606
286.2017 1.13 0.00173 -4.395569023809691
286.2373 0.511 0.0165 -2.939228090301575
286.2374 0.512 0.00726 -3.450910331305216
287.1002 0.56 0.664 0.4491513765300849
287.1373 4.543 0.394 -0.8947057667778882
287.1598 3.82 0.00151 -4.489894314595315
287.1968 4.478 0.182 1.4454519873558258
287.244 7.296 0.0353 -2.4740352432345025
288.1189 7.178 0.319 -1.0551583749585847
288.1598 0.546 0.00406 -3.824176700673974
288.1801 0.517 0.938 -0.07936421132387728
288.1942 1.833 0.259 -1.2048180983239154
288.1956 0.873 0.0974 1.849646487804198
288.2081 1.122 8.94e-4 -4.86152351918599
288.2166 0.952 0.00454 -3.7526663205412736
288.216 0.509 0.00571 -3.604636620744314
289.1504 7.992 0.209 -1.353738375084222
290.1021 0.834 0.327 -1.0375334129718696
290.1344 6.639 0.309 -1.0793243694709345
290.1356 3.737 0.812 -0.24466452744820366
290.1459 8.196 0.783 0.2835894324478215
290.1597 0.522 0.87 0.16860579240586449
290.1597 5.587 0.161 -1.528464304713112
290.1599 5.099 0.234 -1.2769290635067114
290.1722 1.062 0.391 -0.902056242150613
290.1764 0.527 0.293 -1.1174101377180166
290.177 2.893 0.548 -0.6243392790254393
290.8472 5.298 2.56e-4 5.811012265859982
291.1062 6.1 0.983 -0.02149627335279378
291.1297 8.546 0.778 -0.29065746321703695
292.131 4.071 0.4 -0.8840730589698461
292.1576 1.593 7.12e-5 6.893111465812662
292.1577 0.516 1.6e-5 8.330500636967898
292.1687 7.349 0.493 0.7147810772743455
292.2016 6.535 0.429 -0.8285258062741909
293.0632 5.651 0.361 0.9613933047247263
293.0633 5.418 0.603 -0.5386731883918437
293.0895 4.725 0.121 1.7113166836203648
293.1706 8.464 0.675 0.43307664147205355
295.1498 8.885 0.7 -0.39778799271796494
296.0658 6.593 0.235 -1.272165667023673
296.149 3.657 0.116 -1.7365765715827546
296.1853 0.806 0.289 -1.126691274262164
297.1228 3.628 0.103 -1.8116738611052314
297.1938 0.496 0.501 -0.7016226160648172
298.0967 0.547 0.0496 2.26736521655977
298.0967 1.246 0.017 2.9212766119867566
298.1143 3.752 0.0598 -2.1527752558198405
298.1873 9.502 0.264 -1.1923716668325055
298.201 0.979 0.0627 -2.1229311046367254
299.126 3.683 0.0912 -1.8906231821385469
299.135 8.024 0.0221 -2.759846377261952
299.1366 4.533 0.0677 2.075726747708933
300.1077 6.514 0.191 -1.4149742596776484
300.1564 3.706 0.91 0.11639646061987452
300.217 0.93 0.0916 -1.8881806278443682
302.0868 6.646 0.551 -0.6197123356154932
302.1348 8.135 0.0214 -2.778629602518774
302.1415 0.545 0.0196 -2.8342686564500394
302.1597 5.093 0.27 -1.1744105624076764
302.1959 1.349 0.00962 -3.273881698444108
302.1962 0.515 0.544 -0.6310498879040954
302.1962 1.924 0.078 -1.9880271003483891
302.196 2.176 0.692 -0.4095706061573082
302.2328 0.854 0.0749 -2.013399108520273
302.244 1.057 0.476 -0.7429307983373362
303.074 3.42 0.666 0.44607557001300424
303.1184 6.154 0.812 0.24539825160628448
303.1672 0.526 0.102 1.8212654866378788
303.1914 5.064 0.0955 1.861885957908643
303.2022 4.502 0.0682 2.0718287925481573
304.0483 7.9 0.407 0.8702383966449136
304.129 4.045 0.019 -2.8529336083469286
304.1747 0.518 0.111 1.7682027087939165
304.1751 1.535 0.433 0.8200239306391071
304.189 4.071 0.208 -1.3566753607411053
304.1907 1.283 0.52 0.6694387521050237
304.2115 0.514 0.0257 -2.668534470319562
304.2115 1.134 0.0153 -2.987318208978664
305.0866 4.783 0.551 0.6190475691909592
305.1818 5.115 0.278 1.1538011320735309
305.1855 0.518 0.735 0.349502055676594
306.0641 1.47 0.0204 -2.8087566386081497
306.064 1.508 0.0393 -2.4086364961077433
306.1705 1.305 0.34 1.0066761002592344
306.1713 0.517 0.0875 1.9166612149619409
307.044 4.081 0.00702 -3.4728367170268206
307.161 8.376 0.187 -1.4270498333570596
307.1868 5.097 0.183 1.444006423342885
307.2016 1.987 0.937 0.0812079160950334
308.1524 4.919 2.81e-4 5.73768722179208
308.176 1.079 0.217 1.3262068458548457
308.1853 1.095 0.713 -0.3798465735355657
308.1855 0.51 0.939 -0.07867398992473833
308.1999 0.517 0.945 0.07115645105670071
310.2019 0.968 0.00114 -4.6859577881646395
310.2131 1.051 0.511 0.6844209505077774
311.1306 0.539 0.909 0.11775773921932658
311.1494 0.538 0.103 1.8134391067689575
311.1543 0.959 0.83 -0.2210083489152468
312.1301 3.316 0.0267 -2.6455568220713035
312.1302 0.589 0.451 -0.787933116583298
312.2168 0.956 0.111 1.768195290553378
312.2284 1.053 0.0347 2.4849767682143913
313.0582 4.803 0.074 2.021076064524816
313.0853 4.046 0.432 0.8228211655643782
313.1521 4.481 0.971 0.03760226593601407
313.1894 0.512 0.883 -0.15184124784734115
314.1594 5.081 0.211 -1.3453235787507782
314.1706 3.875 0.692 -0.40881340823345935
314.1708 8.331 0.376 -0.9321453456185913
314.2326 0.846 3.69e-4 -5.522813336911455
315.1773 6.535 0.868 -0.1714703413786549
316.2116 0.514 0.645 -0.4766082221883015
316.2116 1.398 0.0752 -2.010858094005083
316.2339 4.229 0.405 -0.8729784380084495
316.2476 0.839 0.0114 -3.168588058704361
316.2478 0.506 0.429 -0.8277812553669607
318.1351 0.512 0.157 1.5448646551819696
318.1705 4.031 0.867 -0.17224335407745425
318.1769 7.436 0.117 -1.734977655669091
319.0689 4.915 0.0312 -2.5505808218801924
319.1247 7.989 0.719 -0.37070290616092977
319.1611 8.704 0.789 -0.2762535852987971
319.1644 0.958 0.524 -0.662159013998416
319.1647 0.799 0.00484 -3.710179809417646
319.1651 2.866 0.00761 -3.4214481986256855
319.1866 5.073 0.252 1.2228289744716387
319.1974 4.634 0.0259 -2.663390577660433
321.0817 5.637 0.766 0.3062336420311154
321.1793 0.952 0.949 -0.06583685872521647
323.2063 0.497 0.195 -1.3991542202039422
324.1254 3.727 0.286 1.1338127281388612
324.1915 2.868 0.649 -0.47071921733096583
324.2159 0.482 0.00226 4.2138969740408
325.0911 5.475 0.212 -1.3441929090008709
325.1527 4.364 0.161 1.5263143305478593
325.1604 9.129 0.168 -1.4982089675422
325.1744 0.519 0.344 -0.9981774308381461
325.1745 5.495 0.431 0.8246684055433575
325.188 0.522 0.177 -1.4647719777975476
326.1959 0.963 0.543 -0.6315653389180301
327.0499 3.959 0.316 -1.0611929972596605
327.1515 4.429 0.0957 1.8608939166107668
328.102 5.48 0.75 0.3283694189655099
328.1875 0.548 0.897 0.13368973999146838
328.2115 0.513 0.102 -1.8218942246989538
328.248 0.503 0.135 -1.6443388577463998
328.248 0.84 0.00173 -4.396763323193153
329.2067 3.328 0.48 -0.7362222171198483
330.1905 3.683 0.0967 -1.854057236989637
330.2273 1.14 0.00184 -4.354117331777796
330.2274 1.901 0.216 -1.3321599474381927
330.2275 0.513 0.227 -1.2955338813480541
330.239 1.114 0.411 -0.8617148788542405
332.2422 0.515 0.101 -1.8270379789126587
334.1857 5.112 0.431 -0.825237111427872
336.1915 2.914 0.424 -0.8365902611774815
336.2167 0.936 1.8e-5 -8.209961216963483
337.1424 2.92 0.835 -0.21450955555405807
337.1426 7.325 0.0562 -2.190430452117141
337.1716 8.371 0.841 -0.20591870334332837
338.0821 3.245 0.168 1.5013019495185111
338.1417 3.093 0.4 0.8831161906218705
338.1759 1.329 0.756 0.3203473886723006
338.2064 2.907 0.0613 -2.1376731618047513
338.2322 0.863 1.26e-4 -6.39681799863286
339.1545 7.985 0.125 1.6919300448006205
339.1549 5.726 0.342 -1.0035229394398795
339.166 4.664 0.71 -0.38315559420130224
339.1871 0.5 0.0636 -2.114758153819723
340.1023 4.899 0.572 0.5869113469649879
340.1024 4.787 0.361 -0.9622657359380253
340.1319 7.149 0.448 -0.7942203386947482
340.1324 5.379 0.249 -1.232697729961395
340.1864 3.25 0.703 0.3930152671871987
340.2477 0.841 0.0357 -2.468536457903614
341.0653 3.749 0.294 -1.113412914527932
341.1373 2.931 0.911 0.11527688031063223
341.1704 5.083 0.0172 2.9136274616259303
342.0848 4.055 0.0273 -2.6314945086832022
342.1724 3.926 0.05 -2.2616778242950573
342.1728 0.923 0.0866 -1.9233913271116383
342.2272 0.514 0.435 -0.8163607087578097
342.2272 1.198 0.0097 -3.268639853224246
342.2272 1.218 0.0107 -3.205097904328886
342.2634 0.839 0.0564 -2.1884960677705214
342.2636 0.484 0.332 1.0260399621673433
343.0634 5.648 0.912 -0.11319276147927204
343.0994 5.932 0.585 0.5665034071895
343.1664 6.167 0.789 0.2763679849429735
344.1689 5.609 0.124 -1.6956271041352613
344.2064 0.516 0.512 -0.6821998430957953
345.1054 8.017 0.0122 -3.1241488934348554
345.1653 4.623 0.199 -1.3850609531219662
345.1666 6.111 0.588 -0.5623179104863798
346.2222 0.518 0.955 -0.05763720389989932
346.2332 4.588 0.218 -1.3253851502085015
346.2333 4.685 0.41 -0.863525519430838
347.2191 4.123 0.325 1.0410186027920543
347.2285 8.662 0.799 -0.2621302187418859
348.0688 5.645 0.504 -0.6962849406962992
349.0866 5.512 0.203 -1.3725259883358638
349.1768 0.501 0.281 1.1472018312902201
350.1596 1.276 0.125 -1.6939104232596385
350.1607 0.52 0.173 -1.4787144834517905
350.2071 2.649 0.666 -0.44646930009163277
350.2325 0.84 0.782 -0.2851737360270368
351.1582 7.036 0.297 -1.1073707876041807
351.1583 6.884 0.126 -1.6845060681091266
351.2162 0.499 0.949 -0.06573988906792663
352.156 3.697 0.215 1.3340130281957718
352.2217 1.004 0.112 -1.7634514756536908
353.0261 7.184 0.98 -0.02534058523887062
353.1342 6.675 0.194 1.4023890640971834
353.1703 8.174 0.329 1.0327148588862318
354.1003 0.765 0.789 -0.27613605194978197
354.1003 1.336 0.639 -0.4846950532544273
354.1004 0.685 0.569 -0.5906713361609829
354.1117 1.059 0.183 1.4409920244434333
355.1544 8.85 0.492 -0.715729435571731
356.2428 0.932 0.00695 -3.4791529661178955
356.2792 0.463 0.0963 1.8566132060111071
357.142 5.129 0.204 1.3690335941872442
357.1666 0.506 0.166 -1.506647475851545
357.1793 0.549 0.335 -1.0187944006015717
357.2241 8.731 0.383 -0.9165907858544451
357.2497 7.349 0.0203 -2.8114741787315607
358.1317 0.569 0.00956 -3.277709864577724
358.2586 0.903 0.119 -1.720423713420514
359.1954 4.041 0.426 -0.8333241694355266
361.1128 5.045 0.639 -0.4859629460506799
361.1212 1.722 0.477 -0.7427774350043729
363.1162 9.13 0.0921 -1.8845590059231434
363.1426 0.526 0.414 0.8563099744000482
364.0427 5.639 0.446 0.7968654433019068
364.196 3.866 0.168 1.4993942686185329
365.1052 6.439 0.705 0.39033573912018915
365.1337 4.633 0.24 -1.2595262779778433
365.1583 3.875 0.805 -0.2547720652399628
365.1741 6.723 0.0809 -1.9657785588893644
365.2431 2.954 0.157 1.5424629879256726
366.1113 5.469 0.294 -1.1150402947511944
366.1123 0.548 0.199 -1.3858600019695917
366.1391 7.934 0.0101 -3.244839836322707
366.139 8.13 0.0332 -2.5119742503523623
366.2019 0.529 0.998 0.0026378532504181544
367.0957 7.091 0.351 -0.9832669030361247
367.1497 6.488 0.0289 -2.5974232592132642
367.1528 7.454 0.0574 -2.177297651306823
368.1159 0.567 0.0529 -2.227242338317928
368.116 1.537 0.0678 -2.0752283240767273
369.1291 4.69 0.0564 -2.1883054365880685
369.1291 5.429 0.913 0.11192970835824347
369.2493 7.282 0.0184 -2.873541825517551
372.2493 4.475 0.903 -0.1257099597718085
373.244 7.33 0.0357 -2.4683020090490113
375.1279 3.242 0.9 0.12938848656896712
375.1345 1.633 0.53 -0.6537411747118249
376.3184 0.456 0.709 0.3852151087799716
377.1166 1.698 0.615 -0.5207134218980211
377.1423 3.769 0.298 -1.105758419731778
377.1883 5.385 0.436 -0.815646317443245
378.1393 5.067 0.388 0.90653310259017
378.1755 3.998 0.603 0.5393268062522133
378.1775 3.286 0.202 -1.3757362431556077
380.1157 0.564 0.246 -1.2403582758457576
380.2065 2.834 0.596 0.5500807609277343
382.1907 4.683 0.271 1.1729643158224599
383.1356 5.936 0.333 -1.0222860424828777
384.1886 4.558 0.647 -0.47360451372611195
384.7715 4.868 0.421 -0.8433319449509259
385.1256 3.911 0.196 1.3958205345593087
385.2528 4.483 0.857 0.18560684519499687
388.0933 5.841 0.341 -1.0052139059036471
390.1426 3.685 0.467 0.7602994977179515
390.2406 3.648 0.536 0.6433682846751022
391.1601 0.524 0.189 -1.4202064632965836
391.2596 1.22 0.251 -1.2261828774634589
392.1188 7.332 0.499 0.70376094518486
392.1553 0.566 0.506 -0.692051043164181
392.155 4.524 0.491 0.7177238139226046
393.1156 5.109 0.997 -0.004433399562539609
394.1621 4.476 0.35 -0.9853157203359935
396.0688 5.32 0.533 0.6479096871932402
397.2555 4.466 0.116 -1.7404809232874225
398.1458 3.806 0.131 -1.659820421609156
398.1461 0.547 0.18 -1.4532481186063255
399.1441 8.024 0.183 -1.4427379589879124
400.1935 6.118 0.613 -0.5243534358539617
400.1979 0.535 0.71 -0.3842719482949584
401.9985 5.291 0.0668 -2.0841017456685655
402.2842 0.515 0.239 -1.2597448465616814
403.2585 1.052 0.64 0.48409415981236514
404.014 5.467 0.145 1.5936428502615012
404.2075 0.528 0.859 -0.18290379227892453
405.1777 4.328 0.282 -1.1452484122679483
406.1702 4.529 0.324 1.044121730387132
407.22 0.543 0.546 0.6280282135975355
408.1491 5.645 0.709 0.38523703357232386
408.15 5.496 0.413 0.8589152935256326
408.206 4.557 0.0296 2.5821811323496693
410.1448 4.176 0.217 -1.3272343118285501
410.2047 4.449 0.718 0.3720583726970328
412.1129 7.998 0.156 -1.5488005052024816
412.1484 4.864 0.948 0.06706281357504854
413.0838 0.586 0.974 0.03397264383773296
413.0845 4.486 0.897 0.13258051928750542
413.2811 0.557 0.716 -0.37505548852513027
414.2997 3.986 0.0438 -2.342405954208033
415.1894 1.823 0.781 0.2867603301925201
416.1911 3.695 0.826 -0.22654134375960167
416.1914 1.313 0.67 -0.43983464775350434
416.2019 1.132 0.251 1.2278249655244844
416.3518 0.967 0.439 -0.8095479346284611
417.1877 4.012 0.0376 -2.4364694323731517
417.1978 7.183 0.0166 -2.935349650405886
418.1637 3.622 0.976 -0.030385001948829832
418.2036 4.031 0.166 -1.5077576243923527
419.2207 1.213 0.191 -1.4130003414144883
420.2011 4.674 0.284 1.1382862938007143
421.0503 5.465 0.353 0.9793846186864241
422.2002 3.807 0.0971 -1.8514202624167182
424.1597 3.213 0.235 -1.2739721514061342
424.163 0.522 0.15 -1.5745553131799745
426.1944 0.561 0.187 -1.4280510584450699
427.2233 1.588 0.635 0.49053127948008995
430.1704 4.114 0.575 -0.5814851396052788
430.2945 3.707 0.433 -0.8214771092167236
431.0968 4.511 0.0573 -2.178311701163505
432.1861 4.594 0.856 0.18726749575977525
432.2013 3.818 0.844 0.20192522655534773
432.2019 0.535 0.0826 1.9527179674355177
433.1123 4.289 0.184 -1.4399218609126019
433.2361 4.762 0.0172 -2.9143521621698825
433.2365 1.214 0.058 -2.171486320658261
434.135 1.937 0.214 1.3361638808895142
434.1406 0.555 0.476 0.7435619822522885
434.1419 8.262 0.957 0.05543170933763755
434.1513 3.94 0.185 1.4351139811245546
434.1579 5.479 0.792 -0.27231642451463534
434.1587 4.051 0.0431 -2.352321103356887
434.1799 5.635 0.332 1.0247894233794141
434.2167 3.263 0.15 1.5753176014259584
434.2183 5.437 0.171 1.487829173770183
435.0872 5.844 0.353 0.9799830016105183
436.155 5.514 0.148 1.5826773664251252
436.1596 3.955 0.176 -1.467855903210725
436.1959 4.973 0.257 1.2115789748602348
436.1964 6.237 0.255 1.2165805345926557
437.1419 5.105 0.923 -0.09961879920558099
437.1606 4.005 0.995 -0.0068702800166282295
444.222 3.766 0.172 1.4825047075632154
447.0919 4.001 0.262 -1.1970928468432906
447.1064 7.905 0.62 0.5133307120453798
448.1367 5.06 0.0742 2.019749004215996
448.2317 3.946 0.0719 2.038494732214835
448.3053 0.515 0.394 0.8947796771073679
448.3053 0.958 0.868 0.17139799695480565
449.1074 3.962 0.00767 3.4166590985528926
449.2389 7.195 0.964 0.04670802868951461
449.304 1.78 0.191 1.414868788271582
450.1422 4.949 0.485 0.7278041849484427
450.1578 7.375 0.144 -1.6012789475653737
450.2117 6.308 0.338 1.0120579756698111
450.2119 3.204 0.152 1.5658417550365025
450.2125 5.721 0.213 1.3417680013262148
451.0399 4.311 0.345 0.9961107422138908
451.0996 4.142 0.851 0.19353747546887534
452.1908 4.095 0.00133 -4.579944484910244
452.1913 0.564 0.0744 -2.017882644432744
453.1249 8.361 0.561 0.6036760552429352
453.312 0.499 0.406 -0.8717147267340998
454.1242 3.692 0.556 -0.6116064659563544
454.2063 4.046 0.0168 -2.927143667320889
454.2064 4.027 0.073 -2.0294730304721114
457.251 6.86 0.711 0.38301618502657053
457.3017 4.509 0.1 -1.833209612203491
458.145 3.604 0.608 0.531884961210316
458.2017 4.076 0.106 -1.7957009340350527
458.2017 4.111 0.889 -0.14378606974893104
458.2019 0.544 0.63 -0.49831503733149873
461.1072 4.293 0.303 -1.0918314524385895
463.0353 5.752 0.388 0.907661422709964
463.2582 0.524 0.483 -0.7309755971439684
463.3193 1.553 0.547 0.6263465397156769
464.1651 5.887 0.332 1.024772341179645
464.1908 3.734 0.258 -1.206944992364918
464.1909 3.664 0.221 -1.3161186046033877
464.1911 0.532 0.251 -1.226805313087291
464.2299 4.177 0.505 -0.694125102841864
466.2038 0.538 0.782 -0.2848205469263797
466.2051 3.697 0.0983 -1.8440778098835473
466.2059 6.417 0.0387 2.418743628459872
467.0351 5.297 0.285 1.1377152778341582
468.2219 3.666 0.132 -1.6569176680304063
468.2222 0.533 0.483 0.7308169640728972
469.0327 5.27 0.247 -1.2386094747002916
469.0527 4.611 0.502 -0.6986791432813166
469.2362 1.242 0.431 0.8253529451042356
469.3014 4.532 0.0905 -1.895476005174474
470.0971 4.357 0.0962 1.8577335318236892
470.2642 3.998 0.824 0.22854784085255747
471.0854 1.877 0.105 1.8051519061466441
472.1809 6.745 0.519 0.6709233072699547
472.1938 5.742 0.34 1.0078238653255092
472.3114 0.479 0.482 -0.7335269304686316
474.1399 3.581 0.71 0.38416348168217995
475.2465 3.874 0.0177 -2.8963989524798954
478.1878 1.985 0.29 1.123966220283755
478.2061 0.546 0.568 -0.5921246281644186
479.1308 4.053 0.163 -1.5180643583699727
480.2047 4.948 0.224 1.3052553003514162
481.1678 5.055 0.31 -1.074999779128852
481.309 1.638 0.506 -0.6932978782601236
482.2184 3.928 0.626 -0.5052612571187437
484.1971 4 0.322 -1.0484710386490512
484.2336 3.666 0.0925 1.8818786320613554
485.1367 8.132 0.205 -1.36703482211613
486.1965 6.502 0.215 1.3331955613715392
486.2371 3.708 0.385 -0.9131489994229719
487.2078 4.559 0.446 -0.7961522535058694
487.213 9.393 0.146 -1.59253078905691
489.1394 3.349 0.656 0.4611233448057325
489.2284 0.496 0.67 0.4402765351630756
490.1469 4.11 0.0143 -3.0275618589105893
491.2414 4.923 0.0211 -2.7897996063989536
495.0461 5.774 0.703 0.39415544098649774
497.2358 0.508 0.975 -0.03205385943611817
499.2371 0.507 0.723 0.36585137941362417
501.6989 7.967 0.329 1.031940877898914
502.2947 1.064 0.295 1.1126634415135706
503.3506 1.224 0.543 -0.6316839689403203
504.1324 3.4 0.34 1.0069491022545956
504.2647 4.971 0.327 -1.0354510493672289
505.2256 4.929 0.454 -0.7826774259276164
505.2362 1.842 0.299 1.1013095087393927
505.2373 1.814 0.301 1.0980255211252528
505.2806 1.871 0.312 1.0715675396527853
507.2521 1.817 0.585 -0.5663469884148133
508.2802 2.422 0.155 1.5520280446173558
512.197 8.01 0.483 -0.7312289464799583
512.2233 3.668 0.481 0.7352594491452015
513.2981 0.528 0.0142 -3.0317381511201478
513.2982 4.083 0.0202 -2.814766510985264
514.1703 3.665 0.614 0.5216856187189205
516.207 6.311 0.299 1.1019367308395325
518.2381 5.002 0.0793 1.977769141460465
518.238 0.546 0.735 0.34952222601351185
521.2309 1.741 0.366 0.9518303646062306
521.2313 1.696 0.356 0.9728430577293883
521.2674 1.304 0.25 1.2306671088950671
521.2675 1.84 0.391 -0.9008619353509371
522.2956 1.034 0.3 1.0986606415948055
523.2105 1.998 0.363 0.9577776602860507
527.2595 4.101 0.141 -1.6154770565612375
530.1863 6.452 0.275 1.1628045935917086
531.3637 0.503 0.012 -3.1346308636775344
535.2468 1.373 0.644 0.4779942559817166
535.2469 1.907 0.416 0.8524397957833337
535.2833 1.542 0.183 1.4428634237244993
539.2422 2.065 0.373 0.9373641566017078
539.2428 1.935 0.341 1.0062454121810676
539.3505 1.773 0.355 0.9755192583997598
539.3506 1.819 0.363 0.9587984339895597
540.2071 4.419 0.853 0.19049583512427096
540.3495 4.471 0.846 0.20022614797282523
540.4236 0.454 0.164 1.516415659911598
541.2365 1.554 0.458 0.7750800943390518
541.2619 0.508 0.405 -0.8743050935484861
542.1798 5.388 0.868 -0.17067753021274823
545.3031 1.418 0.96 -0.05203151332440088
551.281 1.972 0.0758 2.0060863485257197
551.2954 5.441 0.13 1.6658896734146262
553.3887 0.421 0.168 1.4999978929866369
555.2408 0.513 0.762 -0.3121530396153775
555.3086 0.525 0.0565 -2.187395238029407
559.1264 8.026 0.334 1.0205163412789597
559.223 1.233 0.954 0.059089031401924334
561.299 1.22 0.336 1.0164615991786168
562.2481 4.084 0.406 0.8720269925939712
568.1634 6.556 0.153 -1.5590724690372841
569.2667 1.54 0.37 -0.9442998528720264
571.0617 5.835 0.303 1.0932872546930368
572.2742 1.476 0.531 -0.6514044950648992
572.3994 0.467 0.028 -2.616203849607724
573.465 1.767 0.601 -0.5424863391743399
575.3863 0.86 0.627 0.5033266124404095
577.2497 3.628 0.0335 -2.50656770533387
577.294 1.229 0.149 1.577159425163439
577.3113 4.381 0.267 1.1829401107101156
579.2641 3.674 0.0331 -2.5134580332819705
580.3266 0.51 0.19 1.4187674278676163
587.4806 1.357 0.0631 -2.1194934386071433
587.4807 1.51 0.0596 -2.1540189843084994
588.2277 3.841 0.0902 1.8980035009267906
591.312 2.003 0.454 0.7817134884068034
591.3171 0.528 0.136 1.6386027278525943
593.3316 0.527 0.0297 2.5804918659186566
593.3324 0.771 0.0684 2.069412742165927
595.3477 2.702 0.845 -0.20170251536511027
595.3478 0.525 0.32 1.052300826365227
595.3479 0.782 0.107 1.7905456799927522
595.3943 0.51 0.00381 -3.865753650752684
596.2694 6.186 0.294 1.1149057701831353
600.1399 5.886 0.292 1.11829207427885
603.4956 4.873 0.394 0.8952639892795878
607.1285 8.059 0.234 -1.2753716217267212
61.0396 2.563 0.389 -0.9047464364379234
611.3131 1.258 0.0574 2.1772929389177174
615.2543 4.788 0.416 0.8522981730763001
623.2803 6.454 0.354 0.9773940283789856
629.3141 0.508 0.173 -1.479686878195855
629.3142 0.507 0.173 -1.479686878195855
637.2961 6.135 0.223 1.307558468657068
645.4286 1.239 0.181 1.4484183072966277
648.2457 3.965 0.163 1.5194890057263888
653.2903 6.26 0.448 0.7925718982737227
666.637 0.431 0.333 1.024094658896868
675.8656 8.615 0.82 -0.23393981801794522
685.2828 0.974 0.17 1.4918458770532022
696.649 0.442 0.0478 -2.290057082261208
703.5726 0.512 0.323 1.0455585076178628
715.3764 1.192 0.296 -1.1085259121959596
717.3928 1.051 0.539 0.6386947528991228
719.3758 1.264 0.172 1.485010434810536
721.3514 1.034 0.137 1.6339454276569827
731.4085 1.051 0.174 1.4765226869878871
733.3878 1.197 0.0618 2.1322829770463554
735.3684 1.164 0.59 -0.5586184488332605
742.327 6.508 0.178 1.4622412553285418
745.4246 0.839 0.0959 1.8595156623294835
747.4025 1.14 0.271 1.1715835669288257
749.3826 0.829 0.265 1.1874268971244188
758.3187 6.536 0.0991 -1.8390789531677865
76.0758 1.839 0.431 0.8239108656073659
761.4182 0.857 0.136 1.635039727868396
773.4545 0.537 0.775 0.29458956288505983
787.4343 0.839 0.169 1.496324425544409
805.4077 1.199 0.34 1.006604274768005
855.5726 0.469 0.79 -0.27450936918718966
86.0601 1.154 0.872 -0.1661056469537175
86.06 5.38 0.00129 -4.602292380349922
887.3642 7.332 0.247 1.23733708019048
94.0653 1.679 0.539 -0.6384361651011959
975.5183 0.838 0.114 1.7502761702906142
